14.1,7.5,10.8,0.0
15.7,10.5,13.1,1.0
16.1,10.4,13.3,0.2
15.9,12.5,14.2,0.6
14.7,7.0,10.9,1.0
16.3,3.7,10.0,0.0
15.3,9.6,12.5,0.0
16.5,10.8,13.7,0.0
15.6,9.1,12.4,0.0
14.2,7.4,10.8,0.0
14.3,10.7,12.5,0.0
13.9,7.0,10.5,0.0
13.0,9.6,11.3,7.0
12.1,5.4,8.8,3.8
11.1,5.5,8.3,0.0
14.4,4.6,9.5,2.4
15.5,10.6,13.1,0.0
12.7,9.9,11.3,0.2
14.3,10.2,12.3,11.0
11.0,8.0,9.5,2.0
10.8,7.1,9.0,0.0
10.9,-0.8,5.1,0.0
13.1,4.5,8.8,0.0
10.5,6.1,8.3,0.0
11.6,-1.1,5.3,0.0
14.2,7.8,11.0,0.0
12.9,7.6,10.3,0.0
10.6,0.7,5.7,0.0
10.2,4.6,7.4,27.0
9.2,5.4,7.3,25.0
7.8,4.5,6.2,24.0
12.2,3.4,7.8,3.0
9.4,6.1,7.8,11.0
12.7,1.1,6.9,0.0
12.0,5.7,8.9,1.0
13.0,6.8,9.9,30.0
14.9,1.2,8.1,0.0
14.2,9.8,12.0,2.2
14.6,3.5,9.1,0.4
12.9,5.9,9.4,1.0
13.0,9.6,11.3,24.0
12.9,6.5,9.7,0.0
13.9,5.3,9.6,0.0
17.3,3.7,10.5,0.0
16.2,6.5,11.4,0.4
18.2,13.3,15.8,0.0
15.2,9.6,12.4,3.0
13.9,3.6,8.8,0.0
16.8,4.7,10.8,0.0
15.0,9.0,12.0,3.0
16.4,9.8,13.1,0.0
NaN,NaN,NaN,NaN
NaN,NaN,NaN,NaN
NaN,NaN,NaN,NaN
NaN,NaN,NaN,NaN
NaN,NaN,NaN,NaN
NaN,NaN,NaN,NaN
NaN,NaN,NaN,NaN
NaN,NaN,NaN,NaN
12.3,4.4,8.4,0.0
13.6,6.3,10.0,0.0
12.9,5.8,9.4,15.0
12.5,5.2,8.9,0.0
15.4,1.4,8.4,0.0
17.3,1.8,9.6,0.0
19.0,3.3,11.2,0.0
19.6,2.7,11.2,0.0
18.1,4.4,11.3,0.0
17.5,3.8,10.7,0.0
16.9,4.9,10.9,0.0
18.8,5.4,12.1,0.0
19.0,3.4,11.2,0.0
19.5,4.4,12.0,0.0
20.4,4.6,12.5,0.0
21.7,10.9,16.3,0.0
20.2,6.4,13.3,0.0
17.0,10.3,13.7,0.0
19.6,10.6,15.1,0.0
18.7,7.1,12.9,0.0
16.8,12.1,14.5,0.0
14.4,11.2,12.8,0.0
14.9,7.5,11.2,0.0
13.8,5.5,9.7,0.0
14.5,7.5,11.0,0.0
15.7,7.3,11.5,0.0
16.6,6.5,11.6,0.0
16.5,4.4,10.5,0.0
21.4,6.9,14.2,0.0
20.7,13.2,17.0,0.0
18.0,6.8,12.4,0.0
17.8,8.9,13.4,0.0
20.9,11.1,16.0,0.0
20.3,16.1,18.2,0.0
20.6,13.9,17.3,0.0
20.9,13.9,17.4,0.0
23.4,8.7,16.1,0.0
22.6,10.0,16.3,0.0
20.4,11.3,15.9,0.0
21.4,11.5,16.5,0.0
20.9,7.1,14.0,0.0
20.2,8.4,14.3,0.0
20.0,9.0,14.5,0.0
24.0,10.5,17.3,0.0
24.0,9.2,16.6,0.0
21.8,12.5,17.2,0.0
19.8,6.0,12.9,0.0
18.7,5.4,12.1,0.0
21.5,9.5,15.5,0.0
19.7,10.1,14.9,0.0
15.9,7.7,11.8,1.0
18.7,11.5,15.1,0.0
18.3,11.3,14.8,1.0
21.9,11.0,16.5,0.0
24.9,9.6,17.3,0.0
20.0,13.9,17.0,4.0
21.7,11.7,16.7,0.0
21.0,10.6,15.8,0.0
20.6,10.4,15.5,0.0
22.4,12.3,17.4,0.0
21.4,13.7,17.6,0.0
23.1,12.5,17.8,0.0
19.1,13.0,16.1,0.0
20.0,14.5,17.3,0.0
21.3,10.2,15.8,0.0
23.4,8.4,15.9,0.0
21.9,8.9,15.4,0.0
22.9,14.4,18.7,0.0
25.1,14.1,19.6,0.0
27.3,11.7,19.5,0.0
25.6,16.5,21.1,0.0
22.6,14.1,18.4,0.0
22.1,13.4,17.8,0.0
20.6,12.9,16.8,0.0
20.9,11.9,16.4,0.0
21.9,12.5,17.2,0.0
22.3,11.4,16.9,0.0
22.9,8.2,15.6,0.0
22.0,10.8,16.4,0.0
20.2,15.1,17.7,5.0
25.5,13.7,19.6,0.0
29.9,18.3,24.1,0.0
24.5,18.6,21.6,0.0
23.2,14.7,19.0,0.0
24.1,9.4,16.8,0.0
21.5,12.6,17.1,0.0
22.4,13.3,17.9,0.0
23.2,13.2,18.2,0.0
23.5,12.1,17.8,0.0
25.8,12.2,19.0,0.0
27.4,15.8,21.6,0.0
25.6,13.9,19.8,0.0
25.2,12.7,19.0,0.0
26.1,11.5,18.8,0.0
27.8,14.8,21.3,0.0
25.1,17.1,21.1,0.0
25.5,14.1,19.8,0.0
28.7,15.4,22.1,0.0
30.2,15.8,23.0,0.0
34.0,16.1,25.1,0.0
33.0,17.1,25.1,0.0
33.8,18.1,26.0,0.0
33.8,19.1,26.5,0.0
34.6,19.0,26.8,0.0
34.9,19.8,27.4,0.0
32.5,24.1,28.3,0.0
28.6,16.6,22.6,30.0
27.5,16.6,22.1,1.0
27.2,17.2,22.2,0.0
25.1,16.6,20.9,0.0
27.2,14.4,20.8,0.0
32.0,15.8,23.9,0.0
29.6,15.4,22.5,0.0
29.2,17.1,23.2,0.0
30.7,18.0,24.4,0.0
29.6,19.9,24.8,0.0
25.6,17.9,21.8,6.0
31.1,17.0,24.1,0.0
29.6,19.8,24.7,0.0
28.3,19.2,23.8,0.0
27.5,19.9,23.7,0.0
27.5,17.1,22.3,0.0
28.3,16.2,22.3,0.0
29.0,19.9,24.5,0.0
29.8,17.3,23.6,0.0
29.8,22.7,26.3,2.0
29.3,17.6,23.5,0.0
30.3,19.7,25.0,0.0
26.5,20.1,23.3,0.0
26.7,17.4,22.1,0.0
25.0,17.8,21.4,0.0
24.3,16.1,20.2,0.0
27.3,17.9,22.6,0.0
27.6,18.7,23.2,0.0
27.9,18.8,23.4,0.0
30.7,19.0,24.9,0.0
30.9,16.6,23.8,0.0
31.9,17.1,24.5,0.0
31.7,18.2,25.0,0.0
31.7,17.5,24.6,0.0
35.2,20.7,28.0,0.0
31.6,19.7,25.7,5.0
28.2,18.1,23.2,0.0
28.3,20.5,24.4,0.0
31.2,16.9,24.1,0.0
31.2,21.6,26.4,0.0
29.3,21.0,25.2,2.0
31.4,17.5,24.5,0.0
31.7,22.1,26.9,0.0
29.3,21.8,25.6,0.0
25.1,17.1,21.1,0.0
28.7,18.2,23.5,0.0
30.9,20.6,25.8,0.0
30.2,17.8,24.0,0.0
28.8,19.8,24.3,0.0
28.8,17.9,23.4,26.0
30.6,19.7,25.2,0.0
29.5,19.9,24.7,0.0
31.9,16.6,24.3,0.0
31.1,21.4,26.3,0.0
30.1,20.0,25.1,0.0
30.7,19.1,24.9,10.0
32.3,21.2,26.8,0.0
32.3,22.2,27.3,0.0
30.4,18.6,24.5,0.0
26.5,17.8,22.2,31.0
26.5,16.6,21.6,0.0
26.5,17.4,22.0,0.0
25.7,17.9,21.8,0.0
26.8,13.3,20.1,0.0
27.0,14.3,20.7,0.0
27.4,19.5,23.5,17.0
25.7,17.5,21.6,0.0
26.7,16.2,21.5,0.0
26.1,15.6,20.9,0.0
26.9,18.7,22.8,0.0
25.9,18.0,22.0,0.0
27.0,13.3,20.2,0.0
27.2,19.7,23.5,0.0
29.8,20.1,25.0,1.0
31.3,19.1,25.2,0.0
28.3,17.9,23.1,3.0
28.6,17.8,23.2,0.0
29.5,16.0,22.8,0.0
26.3,18.5,22.4,0.0
27.6,14.4,21.0,0.0
28.1,12.6,20.4,0.0
28.3,15.3,21.8,0.0
28.6,16.5,22.6,0.0
29.3,16.7,23.0,0.0
28.5,17.2,22.9,0.0
29.2,21.4,25.3,0.0
28.9,19.5,24.2,0.0
30.3,17.9,24.1,0.0
29.2,17.1,23.2,0.0
27.1,17.6,22.4,0.0
26.7,13.8,20.3,0.0
27.2,14.9,21.1,0.0
27.5,19.8,23.7,2.0
27.5,17.7,22.6,0.0
29.2,20.6,24.9,0.0
29.6,20.0,24.8,6.0
29.1,21.4,25.3,3.0
28.2,21.4,24.8,3.0
27.9,19.8,23.9,0.0
24.2,18.2,21.2,0.0
26.1,13.3,19.7,0.0
21.7,16.7,19.2,8.0
22.3,14.5,18.4,0.0
25.4,11.0,18.2,0.0
25.9,10.7,18.3,0.0
29.0,15.0,22.0,0.0
26.3,18.2,22.3,0.0
22.7,18.2,20.5,19.0
26.1,16.6,21.4,33.0
25.4,15.0,20.2,0.0
25.6,15.2,20.4,0.0
24.8,13.9,19.4,0.0
22.2,15.3,18.8,0.0
24.2,12.3,18.3,0.0
25.4,19.0,22.2,0.0
26.7,20.6,23.7,0.0
27.9,17.5,22.7,0.0
27.4,20.4,23.9,0.0
25.2,18.9,22.1,8.0
27.5,17.7,22.6,0.0
24.7,20.6,22.7,0.0
22.1,18.0,20.1,10.0
23.0,14.1,18.6,0.0
24.8,16.1,20.5,0.0
25.9,18.3,22.1,0.0
26.2,15.4,20.8,0.0
25.2,16.6,20.9,0.0
24.0,16.9,20.5,0.0
25.1,15.5,20.3,0.0
22.5,12.8,17.7,0.0
18.3,11.5,14.9,0.0
20.7,9.5,15.1,0.0
22.0,8.4,15.2,0.0
21.4,11.0,16.2,0.0
20.7,12.3,16.5,0.0
20.6,13.4,17.0,0.0
19.9,7.7,13.8,0.0
20.1,7.4,13.8,0.0
20.8,9.6,15.2,0.0
20.9,8.2,14.6,0.0
21.8,8.8,15.3,0.0
20.9,14.0,17.5,4.0
20.0,15.2,17.6,36.0
15.6,9.5,12.6,1.0
15.5,9.0,12.3,0.0
16.3,4.1,10.2,0.0
17.7,6.8,12.3,0.0
16.5,11.6,14.1,30.0
18.0,11.4,14.7,2.0
18.9,13.5,16.2,6.0
16.1,12.7,14.4,18.0
16.8,10.8,13.8,0.0
19.7,9.1,14.4,8.0
19.0,11.3,15.2,3.0
16.7,6.3,11.5,0.0
13.5,10.3,11.9,0.0
15.6,5.2,10.4,0.0
16.3,4.8,10.6,0.0
18.0,7.2,12.6,0.0
18.7,9.1,13.9,0.0
20.0,14.4,17.2,0.0
22.0,14.2,18.1,0.0
19.9,13.9,16.9,0.0
19.4,14.4,16.9,15.0
18.7,15.0,16.9,4.0
18.1,14.4,16.3,5.0
19.8,14.8,17.3,0.0
20.6,16.8,18.7,0.0
19.2,16.5,17.9,0.0
18.5,9.2,13.9,18.0
11.5,7.7,9.6,5.0
10.3,6.9,8.6,0.0
11.2,7.1,9.2,0.0
12.4,8.8,10.6,6.0
8.9,5.8,7.4,29.0
10.9,5.5,8.2,0.0
11.6,6.6,9.1,0.0
9.4,6.3,7.9,0.0
10.9,0.6,5.8,0.0
13.2,7.4,10.3,0.0
15.0,2.1,8.6,0.0
17.2,10.6,13.9,0.0
17.6,12.4,15.0,0.0
14.2,8.4,11.3,0.0
13.5,7.5,10.5,0.0
11.6,8.4,10.0,0.0
17.3,7.8,12.6,0.0
17.0,8.6,12.8,0.0
17.1,9.7,13.4,0.0
13.2,7.7,10.5,0.0
14.8,1.5,8.2,0.0
12.0,0.9,6.5,0.0
13.2,8.2,10.7,0.0
15.4,3.7,9.6,0.0
11.9,6.9,9.4,0.0
11.4,1.5,6.5,0.0
7.1,2.6,4.9,0.0
6.1,-0.3,2.9,0.0
6.5,-0.7,2.9,0.0
8.3,-1.7,3.3,0.0
9.5,0.5,5.0,0.0
12.9,-1.4,5.8,0.0
16.2,8.0,12.1,0.0
16.3,8.0,12.2,0.0
13.7,0.1,6.9,0.0
11.8,-0.6,5.6,0.0
11.1,-1.7,4.7,0.0
12.6,-1.0,5.8,0.0
14.0,4.7,9.4,0.0
17.4,8.8,13.1,0.0
13.3,5.5,9.4,0.0
13.5,1.1,7.3,0.0
15.2,1.8,8.5,0.0
14.3,7.2,10.8,0.0
16.4,3.7,10.1,0.0
15.2,11.2,13.2,7.0
11.4,6.0,8.7,0.0
12.2,-1.3,5.5,0.0
11.2,7.4,9.3,17.0
8.2,6.5,7.4,12.0
7.9,4.8,6.4,28.0
11.0,2.9,7.0,0.0
7.7,4.0,5.9,0.0
9.2,4.0,6.6,0.0
9.2,4.5,6.9,0.0
8.7,-1.4,3.7,0.0
9.0,6.0,7.5,0.0
10.7,3.7,7.2,0.0
10.6,2.7,6.7,1.0
12.3,4.9,8.6,5.0
10.6,-0.4,5.1,0.0
9.2,-0.3,4.5,0.0
9.1,2.4,5.8,0.0
8.1,-2.2,3.0,7.0
4.5,2.0,3.3,8.0
3.6,1.5,2.6,2.0
4.7,0.1,2.4,0.0
9.8,-1.4,4.2,0.0
8.0,-2.1,3.0,0.0
11.2,-1.6,4.8,0.0
12.5,-3.0,4.8,0.0
13.7,-0.5,6.6,0.0
14.9,0.3,7.6,0.0
15.1,7.5,11.3,1.0
11.3,8.8,10.1,12.0
11.9,6.7,9.3,10.0
13.5,6.1,9.8,11.0
12.0,7.1,9.6,2.0
13.3,0.9,7.1,0.0
14.4,1.1,7.8,0.0
13.6,1.3,7.5,0.0
NaN,NaN,NaN,NaN
NaN,NaN,NaN,NaN
NaN,NaN,NaN,NaN
NaN,NaN,NaN,NaN
NaN,NaN,NaN,NaN
NaN,NaN,NaN,NaN
NaN,NaN,NaN,NaN
NaN,NaN,NaN,NaN
11.8,2.4,7.1,1.0
16.8,8.6,12.7,3.0
16.1,7.5,11.8,0.0
12.5,7.2,9.9,0.0
12.6,6.1,9.4,0.0
14.6,-0.2,7.2,0.0
14.9,0.6,7.8,0.0
14.9,2.6,8.8,0.0
15.5,3.4,9.5,0.0
16.6,4.7,10.7,0.0
19.8,5.5,12.7,0.0
17.2,4.6,10.9,0.0
16.7,3.9,10.3,0.0
14.7,8.5,11.6,0.0
11.5,8.1,9.8,9.0
13.7,8.7,11.2,7.0
13.7,9.1,11.4,6.0
17.7,8.3,13.0,0.0
17.8,6.4,12.1,0.0
18.4,7.8,13.1,0.0
15.4,11.1,13.3,4.0
11.8,8.9,10.4,12.0
17.3,4.8,11.1,0.0
17.1,6.9,12.0,0.0
13.6,7.2,10.4,12.0
14.4,7.4,10.9,0.0
16.6,10.8,13.7,0.0
19.6,9.9,14.8,0.0
19.6,11.3,15.5,0.0
21.6,12.8,17.2,0.0
20.2,12.4,16.3,0.0
17.3,11.7,14.5,0.0
18.6,9.9,14.3,0.0
19.5,11.9,15.7,0.0
18.8,9.0,13.9,0.0
15.8,7.6,11.7,0.0
16.0,8.0,12.0,0.0
16.8,6.6,11.7,0.0
17.4,4.1,10.8,0.0
18.3,4.1,11.2,0.0
19.0,3.4,11.2,0.0
19.5,5.1,12.3,0.0
18.9,5.9,12.4,0.0
23.3,8.0,15.7,0.0
22.6,7.6,15.1,0.0
22.7,7.5,15.1,0.0
21.6,12.8,17.2,0.0
20.7,13.4,17.1,5.0
21.5,11.8,16.7,0.0
18.7,12.1,15.4,9.0
18.6,11.4,15.0,0.0
22.7,8.1,15.4,0.0
22.1,7.0,14.6,0.0
21.8,8.8,15.3,0.0
21.1,9.7,15.4,0.0
20.7,14.5,17.6,2.0
21.7,14.5,18.1,0.0
16.8,12.9,14.9,32.0
17.4,11.7,14.6,0.0
18.8,6.2,12.5,0.0
21.0,7.4,14.2,0.0
19.0,13.7,16.4,0.0
22.7,12.3,17.5,0.0
25.8,15.5,20.7,0.0
25.9,16.7,21.3,0.0
24.4,16.2,20.3,0.0
26.6,13.6,20.1,0.0
23.9,13.9,18.9,0.0
23.2,11.1,17.2,0.0
26.4,15.8,21.1,0.0
27.9,16.1,22.0,0.0
26.7,12.9,19.8,0.0
22.5,12.8,17.7,0.0
23.4,12.2,17.8,0.0
27.6,16.8,22.2,0.0
24.7,13.5,19.1,0.0
24.5,9.2,16.9,0.0
26.7,16.3,21.5,0.0
24.9,11.6,18.3,0.0
23.0,12.6,17.8,0.0
20.9,14.1,17.5,0.0
19.6,11.5,15.6,0.0
24.0,12.7,18.4,0.0
24.3,9.1,16.7,0.0
23.5,11.6,17.6,0.0
27.5,11.0,19.3,0.0
24.9,17.2,21.1,0.0
25.6,13.4,19.5,0.0
25.8,9.9,17.9,0.0
25.0,12.3,18.7,0.0
26.7,14.9,20.8,0.0
25.7,13.4,19.6,0.0
26.3,13.9,20.1,0.0
27.5,14.3,20.9,0.0
27.7,15.5,21.6,0.0
30.0,16.9,23.5,0.0
30.5,16.3,23.4,0.0
33.8,17.3,25.6,0.0
31.7,19.6,25.7,0.0
32.0,19.7,25.9,0.0
29.5,19.3,24.4,6.0
29.4,19.7,24.6,2.0
30.9,17.8,24.4,0.0
29.2,16.7,23.0,39.0
27.0,16.6,21.8,7.0
26.5,18.7,22.6,0.0
28.0,19.1,23.6,0.0
27.7,17.6,22.7,29.0
27.7,19.1,23.4,0.0
29.7,18.3,24.0,0.0
27.2,21.6,24.4,0.0
27.9,19.3,23.6,0.0
29.7,18.1,23.9,0.0
29.7,16.6,23.2,0.0
29.0,19.4,24.2,0.0
27.4,17.0,22.2,0.0
28.9,15.8,22.4,0.0
30.1,18.1,24.1,0.0
33.1,17.9,25.5,0.0
32.3,21.8,27.1,0.0
30.8,18.1,24.5,0.0
30.3,19.9,25.1,0.0
30.7,20.4,25.6,0.0
32.6,19.0,25.8,0.0
34.6,21.5,28.1,0.0
35.6,22.7,29.2,0.0
35.0,21.4,28.2,0.0
33.6,21.0,27.3,0.0
33.4,21.8,27.6,0.0
33.1,22.9,28.0,0.0
30.4,21.5,26.0,0.0
33.5,17.4,25.5,0.0
32.5,19.6,26.1,0.0
34.8,20.3,27.6,0.0
34.3,24.1,29.2,0.0
34.9,24.6,29.8,0.0
33.0,19.5,26.3,0.0
31.6,21.6,26.6,0.0
32.8,21.7,27.3,0.0
34.1,21.9,28.0,0.0
32.5,21.0,26.8,0.0
35.7,22.2,29.0,0.0
33.2,22.1,27.7,0.0
33.3,23.3,28.3,0.0
34.4,24.7,29.6,0.0
33.2,22.7,28.0,0.0
31.5,24.0,27.8,0.0
29.4,20.1,24.8,0.0
32.8,19.9,26.4,0.0
30.6,21.5,26.1,0.0
31.1,21.0,26.1,0.0
28.1,20.6,24.4,0.0
29.8,14.4,22.1,0.0
28.3,20.1,24.2,0.0
30.0,17.4,23.7,0.0
31.0,17.7,24.4,0.0
34.0,22.2,28.1,0.0
33.0,21.4,27.2,0.0
34.5,20.7,27.6,0.0
36.0,20.4,28.2,0.0
35.1,21.0,28.1,0.0
30.4,19.7,25.1,0.0
30.1,21.0,25.6,0.0
32.9,19.3,26.1,0.0
34.8,19.9,27.4,0.0
29.4,20.0,24.7,0.0
28.9,19.9,24.4,1.0
28.8,19.2,24.0,0.0
27.8,18.4,23.1,0.0
29.1,18.0,23.6,0.0
28.2,18.6,23.4,0.0
29.0,18.7,23.9,0.0
31.3,16.4,23.9,0.0
31.8,16.5,24.2,0.0
29.8,17.7,23.8,0.0
28.4,19.2,23.8,2.0
28.3,19.9,24.1,13.0
26.6,16.4,21.5,0.0
28.9,15.3,22.1,0.0
28.9,16.8,22.9,0.0
29.3,17.7,23.5,0.0
31.1,18.4,24.8,0.0
30.8,17.5,24.2,0.0
32.5,18.8,25.7,0.0
28.4,20.2,24.3,3.0
27.2,17.9,22.6,0.0
25.7,16.9,21.3,0.0
24.1,15.7,19.9,0.0
23.8,16.0,19.9,0.0
26.0,15.4,20.7,0.0
25.4,14.3,19.9,0.0
26.5,12.9,19.7,0.0
26.9,13.3,20.1,0.0
26.8,13.0,19.9,0.0
25.5,17.5,21.5,0.0
28.4,19.2,23.8,0.0
27.4,16.7,22.1,38.0
25.7,20.5,23.1,0.0
25.4,15.0,20.2,0.0
26.5,22.1,24.3,0.0
25.0,21.7,23.4,3.0
24.2,15.7,20.0,0.0
24.4,15.6,20.0,0.0
24.4,15.4,19.9,0.0
24.8,10.3,17.6,0.0
22.7,12.2,17.5,0.0
20.5,14.3,17.4,0.0
22.9,13.7,18.3,0.0
25.4,9.7,17.6,0.0
24.2,10.6,17.4,0.0
25.5,11.9,18.7,0.0
24.3,15.6,20.0,0.0
21.3,14.8,18.1,9.0
23.3,16.6,20.0,0.0
22.2,10.8,16.5,0.0
19.4,13.0,16.2,0.0
20.8,13.9,17.4,21.0
22.3,11.1,16.7,0.0
26.8,15.4,21.1,0.0
25.3,19.0,22.2,0.0
21.3,14.8,18.1,1.0
22.3,9.8,16.1,0.0
22.8,11.5,17.2,0.0
23.0,11.5,17.3,0.0
21.8,8.0,14.9,0.0
21.1,12.9,17.0,0.0
19.9,16.0,18.0,16.0
16.4,9.1,12.8,0.0
16.3,6.1,11.2,0.0
14.6,6.9,10.8,0.0
17.6,2.7,10.2,0.0
18.6,12.6,15.6,2.0
18.7,13.6,16.2,0.0
17.1,8.0,12.6,0.0
17.4,9.6,13.5,0.0
17.5,4.3,10.9,0.0
21.2,6.4,13.8,0.0
21.6,8.8,15.2,0.0
20.4,9.6,15.0,0.0
22.5,12.8,17.7,0.0
21.5,16.0,18.8,0.0
21.0,14.0,17.5,10.0
19.3,8.0,13.7,0.0
20.2,8.8,14.5,0.0
21.2,8.4,14.8,0.0
21.1,7.3,14.2,0.0
21.9,8.6,15.3,0.0
19.3,14.5,16.9,9.0
19.9,14.6,17.3,9.0
20.1,10.0,15.1,0.0
19.5,8.9,14.2,0.0
19.4,9.8,14.6,0.0
18.6,8.9,13.8,0.0
20.0,11.5,15.8,0.0
20.5,9.5,15.0,0.0
19.0,8.0,13.5,0.0
19.2,9.2,14.2,0.0
18.5,11.9,15.2,0.0
18.7,12.4,15.6,0.0
20.5,11.1,15.8,0.0
19.3,6.5,12.9,0.0
18.2,7.1,12.7,0.0
21.8,12.3,17.1,0.0
20.2,6.4,13.3,0.0
19.3,10.5,14.9,0.0
18.5,7.3,12.9,5.0
9.8,4.3,7.1,0.0
10.8,2.8,6.8,0.0
10.2,-1.1,4.6,0.0
12.1,2.4,7.3,0.0
10.9,7.1,9.0,0.0
10.6,1.2,5.9,0.0
13.0,4.4,8.7,0.0
14.3,6.1,10.2,0.0
16.8,7.3,12.1,0.0
17.0,8.4,12.7,0.0
15.7,1.7,8.7,0.0
15.5,10.0,12.8,0.0
15.1,10.2,12.7,0.0
13.8,8.9,11.4,2.0
16.7,11.9,14.3,0.0
18.2,10.7,14.5,0.0
17.9,8.3,13.1,0.0
14.8,7.8,11.3,0.0
15.1,1.6,8.4,0.0
13.7,4.3,9.0,0.0
11.9,0.2,6.1,0.0
15.8,4.8,10.3,0.0
17.0,11.8,14.4,0.0
17.1,9.5,13.3,0.0
15.9,6.0,11.0,0.0
14.5,7.2,10.9,0.0
15.3,11.3,13.3,0.0
15.4,8.1,11.8,0.0
16.9,12.4,14.7,0.0
16.8,11.3,14.1,0.0
16.9,10.1,13.5,0.0
16.7,12.8,14.8,0.0
16.3,11.1,13.7,0.0
17.5,9.4,13.5,0.0
14.5,8.5,11.5,0.0
15.3,8.3,11.8,0.0
14.5,11.1,12.8,0.0
14.8,9.7,12.3,0.0
16.7,5.8,11.3,0.0
14.3,8.2,11.3,0.0
14.7,6.5,10.6,0.0
